cam0:
  T_cam_imu:
  - [-0.9999743824103234, -0.007067935166963713, -0.0011308472789377801, 0.013318382863441152]
  - [0.0070831808504079, -0.9998755120551132, -0.014099253227244667, 0.003793928647133884]
  - [-0.0010310538943712748, -0.014106902034151651, 0.9998999611175441, -0.006200175808765767]
  - [0.0, 0.0, 0.0, 1.0]
  cam_overlaps: [1]
  camera_model: omni
  distortion_coeffs: [-0.2558938171490923, -0.0460934839068549, -0.00414934653924308,
    0.0007768208763751949]
  distortion_model: radtan
  intrinsics: [0.959093161770018, 564.1673377333339, 559.4539715388482, 418.33652976109613,
    413.2744935489872]
  resolution: [848, 800]
  rostopic: /camera/fisheye1/image_raw
  timeshift_cam_imu: -0.0006048535987179811
cam1:
  T_cam_imu:
  - [-0.9999822422146243, 0.004130372856795689, -0.00429596036719263, -0.051733898042546064]
  - [-0.004079350211630619, -0.9999218367301386, -0.011818601104913382, 0.0037479427516342537]
  - [-0.0043444398100921655, -0.011800866505898455, 0.9999209295701569, -0.008591671611341195]
  - [0.0, 0.0, 0.0, 1.0]
  T_cn_cnm1:
  - [0.9999322899473844, -0.011152343910898461, -0.0033227617842362515, -0.06502966962776943]
  - [0.011159993455450995, 0.999935097190106, 0.002292586637216598, -0.00018015828425551453]
  - [0.0032969784130360735, -0.002329513405820864, 0.9999918516171208, -0.0024266187371349305]
  - [0.0, 0.0, 0.0, 1.0]
  cam_overlaps: [0]
  camera_model: omni
  distortion_coeffs: [-0.2204827920930757, -0.08227157719154526, -0.00483280276623621,
    -0.0037763597533052246]
  distortion_model: radtan
  intrinsics: [0.963625518441716, 556.9637359565154, 553.816051011247, 419.47350438648533,
    406.59047995751183]
  resolution: [848, 800]
  rostopic: /camera/fisheye2/image_raw
  timeshift_cam_imu: -0.002457300397547293
