cam0:
  cam_overlaps: [1]
  camera_model: omni
  distortion_coeffs: [-0.2558938171490923, -0.0460934839068549, -0.00414934653924308,
    0.0007768208763751949]
  distortion_model: radtan
  intrinsics: [0.959093161770018, 564.1673377333339, 559.4539715388482, 418.33652976109613,
    413.2744935489872]
  resolution: [848, 800]
  rostopic: /camera/fisheye1/image_raw
cam1:
  T_cn_cnm1:
  - [0.9999322899473853, -0.01115234391089846, -0.0033227617842362515, -0.06502966962776943]
  - [0.011159993455450993, 0.9999350971901069, 0.002292586637216598, -0.00018015828425551453]
  - [0.0032969784130360735, -0.002329513405820864, 0.9999918516171217, -0.0024266187371349305]
  - [0.0, 0.0, 0.0, 1.0]
  cam_overlaps: [0]
  camera_model: omni
  distortion_coeffs: [-0.2204827920930757, -0.08227157719154526, -0.00483280276623621,
    -0.0037763597533052246]
  distortion_model: radtan
  intrinsics: [0.963625518441716, 556.9637359565154, 553.816051011247, 419.47350438648533,
    406.59047995751183]
  resolution: [848, 800]
  rostopic: /camera/fisheye2/image_raw
